1750759175059 0.12109936028718948 0
1750759224684 0.11905963718891144 1
1750759259962 0.11167887598276138 2
1750759273047 0.11213023215532303 3
1750759311230 0.11973561346530914 4
1750759346300 0.1176944226026535 5
1750759390138 0.11030226945877075 6
1750759402442 0.11075786501169205 7
1750759439840 0.11838259547948837 8
1750759473444 0.11633747071027756 9
1750759515941 0.10894131660461426 10
1750759527925 0.10942013561725616 11
1750759562466 0.11707652360200882 12
1750759595788 0.11507689952850342 13
1750759638588 0.10769292712211609 14
1750759650700 0.10821768641471863 15
1750759685381 0.11592765897512436 16
1750759718929 0.11390102654695511 17
1750759761929 0.10653471946716309 18
1750759774044 0.10703600198030472 19
1750759808490 0.11473209410905838 20
1750759841789 0.11272308230400085 21
1750759884464 0.10532563179731369 22
1750759896449 0.1058216467499733 23
1750759930787 0.11352681368589401 24
1750759964049 0.11146807670593262 25
1750760006753 0.1040731817483902 26
1750760018751 0.10457783937454224 27
1750760053136 0.11227425187826157 28
1750760086132 0.11025916039943695 29
1750760128502 0.10284813493490219 30
1750760140497 0.10337942838668823 31
1750760174900 0.111078180372715 32
1750760208206 0.10902387648820877 33
1750760250848 0.10160733759403229 34
1750760262864 0.10212776064872742 35
1750760297346 0.10989067703485489 36
1750760330553 0.1079135313630104 37
1750760373143 0.10055745393037796 38
1750760386339 0.10113311558961868 39
1750760421973 0.10887801647186279 40
1750760455550 0.10692742466926575 41
1750760498453 0.09958062320947647 42
1750760510513 0.10016532987356186 43
1750760545253 0.10786010324954987 44
1750760578718 0.10587000101804733 45
1750760621587 0.09851917624473572 46
1750760633653 0.09911783039569855 47
1750760668344 0.10676441341638565 48
1750760701924 0.10478934645652771 49
1750760744823 0.09746596217155457 50
1750760756908 0.09806060791015625 51
1750760792189 0.10560956597328186 52
1750760826207 0.1035926565527916 53
1750760869794 0.0962829738855362 54
1750760881811 0.09686727076768875 55
1750760916322 0.10434604436159134 56
1750760949602 0.10236502438783646 57
1750760992214 0.09500478953123093 58
1750761004228 0.09561069309711456 59
1750761038681 0.10297775268554688 60
1750761071868 0.10096918046474457 61
1750761114448 0.09365319460630417 62
1750761126440 0.09425436705350876 63
1750761160840 0.10148978233337402 64
1750761194083 0.09944865852594376 65
1750761236618 0.09220089018344879 66
1750761248613 0.09276915341615677 67
1750761283093 0.09983260184526443 68
1750761316398 0.09778223931789398 69
1750761359149 0.09057174623012543 70
1750761371177 0.09118767827749252 71
1750761405967 0.09792810678482056 72
1750761439788 0.09589476883411407 73
1750761483081 0.08879823982715607 74
1750761495220 0.08941696584224701 75
1750761530349 0.09586972743272781 76
1750761563853 0.09378685057163239 77
1750761606780 0.08678686618804932 78
1750761618780 0.08742623776197433 79
1750761653693 0.0934372991323471 80
1750761687019 0.09130017459392548 81
1750761729617 0.084504634141922 82
1750761741620 0.08514246344566345 83
1750761776823 0.09052637219429016 84
1750761812156 0.08841831982135773 85
1750761855140 0.08182975649833679 86
1750761867174 0.08254200965166092 87
1750761902323 0.08714093267917633 88
1750761935957 0.08495615422725677 89
1750761979411 0.07866460084915161 90
1750761991803 0.07941383868455887 91
1750762027840 0.08303322643041611 92
1750762061417 0.08094446361064911 93
1750762104331 0.07516293227672577 94
1750762116406 0.07597353309392929 95
1750762152196 0.07889529317617416 96
1750762186536 0.07681611180305481 97
1750762230447 0.07173019647598267 98
1750762242768 0.07268819957971573 99
1750762278632 0.07506214082241058 100
1750762312681 0.07320594787597656 101
1750762356207 0.06892064958810806 102
1750762368477 0.06972326338291168 103
1750762404755 0.07185111939907074 104
1750762439666 0.07008247822523117 105
1750762482924 0.06609230488538742 106
1750762495037 0.06699039041996002 107
1750762531019 0.06880054622888565 108
1750762565539 0.06739772856235504 109
1750762609675 0.06369521468877792 110
1750762622026 0.06464884430170059 111
1750762658058 0.06608553230762482 112
1750762692573 0.06486200541257858 113
1750762736960 0.06128440424799919 114
1750762749306 0.06238296627998352 115
1750762785430 0.06356829404830933 116
1750762820162 0.06258955597877502 117
1750762864608 0.05923705920577049 118
1750762877049 0.060221221297979355 119
1750762913118 0.06121159717440605 120
1750762947771 0.06023157015442848 121
1750762991859 0.05727340281009674 122
1750763004273 0.058258820325136185 123
1750763041630 0.05902250483632088 124
1750763077252 0.0581786073744297 125
1750763120686 0.05535697564482689 126
1750763132825 0.0563306100666523 127
1750763168073 0.05694134905934334 128
1750763201995 0.056285664439201355 129
1750763245384 0.053599972277879715 130
1750763257528 0.054497722536325455 131
1750763292428 0.05502573028206825 132
1750763326027 0.0543961301445961 133
1750763370035 0.05184624344110489 134
1750763383491 0.05269283428788185 135
1750763422442 0.05310191959142685 136
1750763460295 0.05273514613509178 137
1750763508621 0.05051408335566521 138
1750763522204 0.051433973014354706 139
1750763560687 0.051710549741983414 140
1750763595516 0.05119285732507706 141
1750763639921 0.048682257533073425 142
1750763652361 0.04967793822288513 143
1750763688502 0.04999668523669243 144
1750763723686 0.04983767494559288 145
1750763768081 0.04781344160437584 146
1750763780462 0.04853007197380066 147
1750763816645 0.048509128391742706 148
1750763851454 0.04838412255048752 149
1750763895832 0.04622909799218178 150
1750763908264 0.047054242342710495 151
1750763944369 0.04710662364959717 152
1750763979097 0.04723086580634117 153
1750764023444 0.045221224427223206 154
1750764035906 0.045874714851379395 155
1750764072020 0.04588346555829048 156
1750764106761 0.0458771176636219 157
1750764151122 0.04403437301516533 158
1750764163582 0.044812098145484924 159
1750764199677 0.0447128564119339 160
1750764234452 0.04502575471997261 161
1750764278894 0.0430559441447258 162
1750764291355 0.043744102120399475 163
1750764327740 0.04377923533320427 164
1750764361850 0.04365302994847298 165
1750764405257 0.042041145265102386 166
1750764417456 0.04290208965539932 167
1750764452704 0.04254459589719772 168
1750764486742 0.042929455637931824 169
1750764530252 0.041017062962055206 170
1750764542416 0.04186312481760979 171
1750764577606 0.04198022931814194 172
1750764611639 0.04195654019713402 173
1750764655065 0.040380921214818954 174
1750764667220 0.04119430109858513 175
1750764702383 0.04086702689528465 176
1750764736410 0.041542958468198776 177
1750764779903 0.03958704695105553 178
1750764792058 0.04037182405591011 179
1750764827435 0.040663160383701324 180
1750764861335 0.04045093059539795 181
1750764904829 0.03894130513072014 182
1750764916979 0.03989339619874954 183
1750764952249 0.03964046388864517 184
1750764986372 0.04052380472421646 185
1750765029867 0.03859327360987663 186
1750765042020 0.039218612015247345 187
1750765077389 0.03950309380888939 188
1750765111373 0.039827071130275726 189
1750765154877 0.03833040967583656 190
1750765167030 0.039021365344524384 191
1750765202359 0.038638390600681305 192
1750765236440 0.039987556636333466 193
1750765279858 0.03773188218474388 194
1750765292018 0.038449957966804504 195
1750765327449 0.03902948647737503 196
1750765361493 0.03884103521704674 197
1750765404929 0.037521760910749435 198
1750765417071 0.03833795338869095 199
1750765452374 0.03786486014723778 200
1750765486398 0.039383694529533386 201
1750765529923 0.03707165643572807 202
1750765542067 0.03790169209241867 203
1750765577526 0.03854804113507271 204
1750765611630 0.03813570737838745 205
1750765655195 0.03695657476782799 206
1750765667320 0.03780847787857056 207
1750765702778 0.03738570585846901 208
1750765736874 0.038814179599285126 209
1750765780358 0.03650089353322983 210
1750765792505 0.0371849425137043 211
1750765827831 0.03774310648441315 212
1750765861805 0.03794918209314346 213
1750765905213 0.036556508392095566 214
1750765917374 0.03716427832841873 215
1750765952741 0.03685196489095688 216
1750765986715 0.038442544639110565 217
1750766030049 0.036109376698732376 218
1750766042234 0.036699239164590836 219
1750766077408 0.0372614860534668 220
1750766111418 0.03736702352762222 221
1750766155880 0.03585973381996155 222
1750766168262 0.03665855526924133 223
1750766204376 0.03634747862815857 224
1750766239202 0.038026291877031326 225
1750766283670 0.03570478409528732 226
1750766296130 0.03623479977250099 227
1750766332128 0.03679320216178894 228
1750766366978 0.03703576698899269 229
1750766411438 0.035716306418180466 230
1750766423889 0.036292899399995804 231
1750766459924 0.03578318655490875 232
1750766494774 0.03737906739115715 233
1750766539252 0.03506499528884888 234
1750766551707 0.03582286462187767 235
1750766587799 0.03624926880002022 236
1750766622668 0.03656229376792908 237
1750766667155 0.035076774656772614 238
1750766679573 0.03584159165620804 239
1750766715550 0.035562947392463684 240
1750766750418 0.03724655136466026 241
1750766794821 0.03486921265721321 242
1750766807283 0.03532266616821289 243
1750766843368 0.03604661673307419 244
1750766878188 0.03635500743985176 245
1750766922688 0.03489046171307564 246
1750766935128 0.03529702126979828 247
1750766971379 0.035069920122623444 248
1750767006211 0.03692309930920601 249
1750767050665 0.034477975219488144 250
1750767063111 0.03504100814461708 251
1750767099225 0.03557760640978813 252
1750767134097 0.036065347492694855 253
1750767178552 0.03445594012737274 254
1750767191000 0.034929078072309494 255
1750767227217 0.034839142113924026 256
1750767261839 0.036573830991983414 257
1750767305977 0.03422626852989197 258
1750767318321 0.03459892421960831 259
1750767354367 0.03517471253871918 260
1750767389130 0.035715557634830475 261
1750767433514 0.03413455933332443 262
1750767445975 0.034539785236120224 263
1750767481948 0.03444119170308113 264
1750767516735 0.03623203560709953 265
1750767561144 0.03397797420620918 266
1750767573597 0.03435315191745758 267
1750767609695 0.034849684685468674 268
1750767644556 0.03548990190029144 269
1750767689086 0.03386278823018074 270
1750767701556 0.0342412143945694 271
1750767737531 0.034192174673080444 272
1750767772044 0.03593267500400543 273
1750767816264 0.033618323504924774 274
1750767828717 0.034029919654130936 275
1750767864685 0.034558605402708054 276
1750767899490 0.035245493054389954 277
1750767943993 0.03353868052363396 278
1750767956442 0.033873312175273895 279
1750767992647 0.034093815833330154 280
1750768027496 0.035819314420223236 281
1750768071902 0.03351365029811859 282
1750768084329 0.03372891992330551 283
1750768120553 0.034417249262332916 284
1750768155400 0.03513805940747261 285
1750768199899 0.03341352567076683 286
1750768212357 0.033646658062934875 287
1750768248256 0.03391707316040993 288
1750768282763 0.035551149398088455 289
1750768326876 0.03334405645728111 290
1750768339199 0.03360471874475479 291
1750768374963 0.0342104509472847 292
1750768409523 0.03500939905643463 293
1750768453927 0.03324336186051369 294
1750768466386 0.033485379070043564 295
1750768502330 0.03375692293047905 296
1750768537150 0.03537843003869057 297
1750768581587 0.03314460813999176 298
1750768594037 0.033499427139759064 299
1750768630113 0.033935077488422394 300
1750768664858 0.03507405146956444 301
1750768709342 0.03321381285786629 302
1750768721804 0.03345414251089096 303
1750768757781 0.033807527273893356 304
1750768792539 0.03519868478178978 305
1750768836636 0.03317856416106224 306
1750768848983 0.03342520445585251 307
1750768884852 0.03382182493805885 308
1750768919270 0.035065654665231705 309
1750768963173 0.033041976392269135 310
1750768975451 0.03326394781470299 311
1750769011265 0.03362666070461273 312
1750769045349 0.03504557907581329 313
1750769089008 0.03291201591491699 314
1750769101288 0.0332421213388443 315
1750769136931 0.03372062370181084 316
1750769171257 0.034900352358818054 317
1750769215118 0.03283456340432167 318
1750769227381 0.03307480365037918 319
1750769263189 0.03361944109201431 320
1750769297563 0.03488154336810112 321
1750769341433 0.03278657793998718 322
1750769353710 0.03303113952279091 323
1750769389276 0.03348971903324127 324
1750769423379 0.03476511687040329 325
1750769466989 0.03270590305328369 326
1750769479267 0.032905109226703644 327
1750769514891 0.03344166278839111 328
1750769549176 0.03477124124765396 329
1750769593024 0.03267958015203476 330
1750769605291 0.0329178161919117 331
1750769641087 0.03330199047923088 332
1750769675373 0.03479468449950218 333
1750769719204 0.032668985426425934 334
1750769731476 0.032777734100818634 335
1750769767121 0.033287402242422104 336
1750769801475 0.03466913849115372 337
1750769845315 0.03265475854277611 338
1750769857570 0.03283035010099411 339
1750769893347 0.033198531717061996 340
1750769927674 0.034647803753614426 341
1750769971583 0.03260768949985504 342
1750769983897 0.03283689171075821 343
1750770019690 0.033087339252233505 344
1750770053995 0.03462227061390877 345
1750770097895 0.03255874663591385 346
1750770110190 0.032770752906799316 347
1750770145861 0.0331442654132843 348
1750770180236 0.034459859132766724 349
1750770224072 0.032447852194309235 350
1750770236350 0.03264940157532692 351
1750770272010 0.03295762091875076 352
1750770306399 0.034545592963695526 353
1750770350238 0.03244153782725334 354
1750770362524 0.03263942152261734 355
1750770398282 0.033059313893318176 356
1750770432661 0.034313395619392395 357
1750770476521 0.03232618048787117 358
1750770488804 0.03245661407709122 359
1750770524468 0.03293396905064583 360
1750770558809 0.03441078960895538 361
1750770602650 0.03228472173213959 362
1750770614940 0.03248269110918045 363
1750770650739 0.032845139503479004 364
1750770685136 0.034214600920677185 365
1750770728952 0.03216099366545677 366
1750770741234 0.03246714547276497 367
1750770777027 0.03282301127910614 368
1750770811368 0.03424372151494026 369
1750770855231 0.032157279551029205 370
1750770867534 0.03236735239624977 371
1750770903278 0.03266613557934761 372
1750770937562 0.03426874056458473 373
1750770981419 0.032086752355098724 374
1750770993696 0.032361019402742386 375
1750771029450 0.032708656042814255 376
1750771063790 0.0341157540678978 377
1750771107630 0.03216114640235901 378
1750771119921 0.03238064423203468 379
1750771155661 0.032749611884355545 380
1750771190015 0.034126996994018555 381
1750771233911 0.03196986764669418 382
1750771246200 0.03227868676185608 383
1750771281917 0.032669298350811005 384
1750771316299 0.03392748907208443 385
1750771360156 0.03187292069196701 386
1750771372423 0.03211786597967148 387
1750771408100 0.03260084614157677 388
1750771442173 0.03395230695605278 389
1750771485698 0.03188427910208702 390
1750771497972 0.03211043402552605 391
1750771533677 0.03254134953022003 392
1750771568061 0.03395814076066017 393
1750771611890 0.03176841512322426 394
1750771624170 0.032016023993492126 395
1750771659922 0.032545365393161774 396
1750771694247 0.03376655653119087 397
1750771738084 0.03181007504463196 398
1750771750382 0.03200025483965874 399
1750759175059 0.12109936028718948 0
