1750759274333 0.11599202454090118 0
1750759403421 0.11462254077196121 1
1750759528826 0.11327037215232849 2
1750759651674 0.11201600730419159 3
1750759774970 0.11084984987974167 4
1750759897373 0.1096506118774414 5
1750760019683 0.10841147601604462 6
1750760141408 0.10719024389982224 7
1750760263808 0.10595928877592087 8
1750760387329 0.10487369447946548 9
1750760511433 0.10388784855604172 10
1750760634564 0.10284177958965302 11
1750760757833 0.1017700806260109 12
1750760882731 0.1005881130695343 13
1750761005144 0.09933163225650787 14
1750761127381 0.09796362370252609 15
1750761249582 0.09647712111473083 16
1750761372102 0.09484357386827469 17
1750761496156 0.09300951659679413 18
1750761619725 0.09096742421388626 19
1750761742557 0.08859614282846451 20
1750761868161 0.08582910895347595 21
1750761992724 0.08254387974739075 22
1750762117390 0.07877853512763977 23
1750762243696 0.07503245025873184 24
1750762369436 0.07172800600528717 25
1750762495966 0.06875407695770264 26
1750762623021 0.06613558530807495 27
1750762750310 0.06365372240543365 28
1750762877986 0.0614040344953537 29
1750763005210 0.05924384668469429 30
1750763133817 0.05722217261791229 31
1750763258455 0.05533117428421974 32
1750763384442 0.05349023640155792 33
1750763523211 0.051946282386779785 34
1750763653298 0.05031590163707733 35
1750763781386 0.04904446750879288 36
1750763909245 0.047544147819280624 37
1750764036850 0.04635835811495781 38
1750764164573 0.045151762664318085 39
1750764292295 0.04413466528058052 40
1750764418383 0.04309387505054474 41
1750764543364 0.04208856076002121 42
1750764668160 0.041377998888492584 43
1750764793058 0.04059221222996712 44
1750764917928 0.03998719900846481 45
1750765042947 0.03949403762817383 46
1750765167949 0.03917048126459122 47
1750765292958 0.038701947778463364 48
1750765418003 0.03843256086111069 49
1750765543005 0.038055479526519775 50
1750765668268 0.037862200289964676 51
1750765793419 0.037471432238817215 52
1750765918327 0.0373532697558403 53
1750766043234 0.037025779485702515 54
1750766169245 0.036786697804927826 55
1750766297058 0.03657833859324455 56
1750766424809 0.0364595428109169 57
1750766552702 0.03601253032684326 58
1750766680543 0.03593248128890991 59
1750766808211 0.03575034439563751 60
1750766936136 0.035647276788949966 61
1750767064075 0.035378001630306244 62
1750767191936 0.035256993025541306 63
1750767319294 0.03505954146385193 64
1750767446909 0.03489115461707115 65
1750767574558 0.03475108742713928 66
1750767702473 0.034610897302627563 67
1750767829666 0.03444327414035797 68
1750767957389 0.034304022789001465 69
1750768085343 0.0342889279127121 70
1750768213310 0.03415387496352196 71
1750768340118 0.034104250371456146 72
1750768467331 0.033987149596214294 73
1750768595032 0.03394484519958496 74
1750768722731 0.03391926735639572 75
1750768849918 0.033902496099472046 76
1750768976417 0.033798351883888245 77
1750769102225 0.03370659425854683 78
1750769228320 0.033632583916187286 79
1750769354644 0.03357967361807823 80
1750769480275 0.033466462045907974 81
1750769606255 0.03345257416367531 82
1750769732447 0.03338585048913956 83
1750769858535 0.03336041420698166 84
1750769984873 0.03332272917032242 85
1750770111191 0.03325977921485901 86
1750770237359 0.03317534551024437 87
1750770363518 0.03314604610204697 88
1750770489830 0.033038876950740814 89
1750770615974 0.03302804380655289 90
1750770742228 0.03292196989059448 91
1750770868522 0.032897841185331345 92
1750770994624 0.03284566104412079 93
1750771120847 0.03284154832363129 94
1750771247137 0.03278128802776337 95
1750771373352 0.032646894454956055 96
1750771498965 0.032636966556310654 97
1750771625170 0.032570980489254 98
1750771751370 0.032530564814805984 99
1750759274333 0.11599202454090118 0
