1750360396004 0.12560145556926727 0
1750360448556 0.12353750318288803 1
1750360482944 0.11609376221895218 2
1750360500649 0.11670470237731934 3
1750360538370 0.12410445511341095 4
1750360573398 0.12203487008810043 5
1750360616679 0.11458303779363632 6
1750360628895 0.11519666016101837 7
1750360663645 0.12261802703142166 8
1750360697514 0.12054736167192459 9
1750360743805 0.1130848154425621 10
1750360757259 0.11369527131319046 11
1750360794382 0.12112591415643692 12
1750360830815 0.1190347969532013 13
1750360878288 0.11155227571725845 14
1750360891701 0.11220221221446991 15
1750360928588 0.1196877658367157 16
1750360960419 0.1176140233874321 17
1750361000835 0.11014185845851898 18
1750361012123 0.11076398193836212 19
1750361045817 0.11824092268943787 20
1750361077147 0.11617206782102585 21
1750361117468 0.10871151089668274 22
1750361128766 0.10936248302459717 23
1750361161194 0.11689471453428268 24
1750361192447 0.11482083797454834 25
1750361235168 0.10736069828271866 26
1750361247412 0.10801339894533157 27
1750361282063 0.11553642898797989 28
1750361315904 0.11344026029109955 29
1750361359699 0.10594546049833298 30
1750361371837 0.10657582432031631 31
1750361406309 0.11408252269029617 32
1750361441939 0.11197195202112198 33
1750361484858 0.10446085780858994 34
1750361496996 0.10507668554782867 35
1750361531405 0.1126035749912262 36
1750361564790 0.1104804128408432 37
1750361609113 0.10294341295957565 38
1750361621248 0.10354600101709366 39
1750361655707 0.11109942942857742 40
1750361689169 0.10896508395671844 41
1750361732090 0.10140621662139893 42
1750361744220 0.10200266540050507 43
1750361778469 0.10951414704322815 44
1750361812027 0.10737642645835876 45
1750361856254 0.09980232268571854 46
1750361868663 0.10036960244178772 47
1750361903101 0.1078532263636589 48
1750361936598 0.10563038289546967 49
1750361979497 0.09800892323255539 50
1750361991643 0.09855297952890396 51
1750362026421 0.106002576649189 52
1750362059992 0.10379442572593689 53
1750362103438 0.0962275043129921 54
1750362115572 0.09683724492788315 55
1750362150310 0.10428018122911453 56
1750362183697 0.1021040678024292 57
1750362226672 0.09446538239717484 58
1750362238812 0.09505368769168854 59
1750362273540 0.10248889029026031 60
1750362307076 0.10031381249427795 61
1750362349991 0.0927669033408165 62
1750362362146 0.09339402616024017 63
1750362396912 0.10070370882749557 64
1750362430361 0.09851716458797455 65
1750362473346 0.09104063361883163 66
1750362485479 0.09166043251752853 67
1750362520005 0.09902352839708328 68
1750362553384 0.0969683974981308 69
1750362596239 0.08961841464042664 70
1750362608401 0.09033136069774628 71
1750362642789 0.09749570488929749 72
1750362676354 0.09544888138771057 73
1750362719256 0.08815271407365799 74
1750362731410 0.08884856104850769 75
1750362765989 0.09576112031936646 76
1750362799463 0.09370558708906174 77
1750362842322 0.08644090592861176 78
1750362854479 0.08703569322824478 79
1750360396004 0.12560145556926727 0
