1750360501960 0.1204843521118164 0
1750360629841 0.11897975206375122 1
1750360758239 0.1174863651394844 2
1750360892669 0.11597879230976105 3
1750361013073 0.11455190181732178 4
1750361129711 0.11312174797058105 5
1750361248361 0.11177241057157516 6
1750361372800 0.11037449538707733 7
1750361497931 0.10889799892902374 8
1750361622181 0.10739334672689438 9
1750361745162 0.10586835443973541 10
1750361869623 0.10426562279462814 11
1750361992551 0.10251137614250183 12
1750362116508 0.10071543604135513 13
1750362239761 0.09897582232952118 14
1750362363084 0.09724090993404388 15
1750362486420 0.09548048675060272 16
1750362609335 0.0939854234457016 17
1750362732351 0.09248646348714828 18
1750362855419 0.09073583036661148 19
1750360501960 0.1204843521118164 0
