1751117240693 0.12282916158437729 0
1751117283617 0.12069890648126602 1
1751117314403 0.11327087879180908 2
1751117324744 0.11395101249217987 3
1751117358117 0.12141043692827225 4
1751117390124 0.11936149001121521 5
1751117431068 0.111945241689682 6
1751117442354 0.11260390281677246 7
1751117475246 0.12005013972520828 8
1751117507198 0.11799034476280212 9
1751117548173 0.1105552613735199 10
1751117559457 0.11124400794506073 11
1751117592500 0.11874252557754517 12
1751117624514 0.1167120411992073 13
1751117665467 0.10932503640651703 14
1751117676756 0.11003655940294266 15
1751117709787 0.11754907667636871 16
1751117741828 0.1155090481042862 17
1751117782811 0.10812079161405563 18
1751117794088 0.1088418960571289 19
1751117827097 0.11639794707298279 20
1751117859032 0.11438043415546417 21
